0022500208
0022500086
0022500039
0022500254
0022500232
0022500035
0022500049
0022500043
0022500263
0022500225
0022500221
0022500215
0022500126
0022500284
0022500001
0022500050
0022500046
0022500223
0022500189
0022500045
0022500019
0022500088
0022500127
0022500251
0022500018
0022500163
0022500276
0022500239
0022500271
0022500083
0022500177
0022500092
0022500053
0022500002
0022500175
0022500139
0022500252
0022500056
0022500098
0022500093
0022500278
0022500260
0022500272
0022500090
0022500237
0022500162
0022500133
0022500192
0022500155
0022500236
0022500257
0022500159
0022500268
0022500028
0022500289
0022500182
0022500121
0022500142
0022500287
0022500228
0022500247
0022500135
0022500130
0022500103
0022500052
0022500027
0022500164
0022500085
0022500183
0022500256
0022500280
0022500037
0022500116
0022500160
0022500165
0022500122
0022500131
0022500285
0022500258
0022500143
0022500262
0022500008
0022500282
0022500106
0022500207
0022500191
0022500283
0022500099
0022500096
0022500167
0022500194
0022500170
0022500003
0022500249
0022500054
0022500242
0022500138
0022500084
0022500023
0022500172
0022500286
0022500137
0022500238
0022500199
0022500097
0022500144
0022500253
0022500266
0022500161
0022500123
0022500112
0022500246
0022500082
0022500095
0022500125
0022500241
0022500157
0022500250
0022500036
0022500152
0022500210
0022500204
0022500171
0022500211
0022500005
0022500118
0022500124
0022500041
0022500034
0022500148
0022500033
0022500222
0022500149
0022500114
0022500173
0022500151
0022500186
0022500275
0022500004
0022500200
0022500255
0022500047
0022500141
0022500291
0022500156
0022500022
0022500279
0022500040
0022500213
0022500188
0022500134
0022500245
0022500202
0022500169
0022500259
0022500091
0022500218
0022500154
0022500020
0022500110
0022500195
0022500080
0022500136
0022500176
0022500226
0022500185
0022500201
0022500224
0022500216
0022500264
0022500147
0022500203
0022500166
0022500105
0022500100
0022500006
0022500178
0022500104
0022500288
0022500214
0022500181
0022500209
0022500109
0022500261
0022500055
0022500234
0022500029
0022500111
0022500115
0022500101
0022500021
0022500051
0022500113
0022500007
0022500292
0022500180
0022500273
0022500025
0022500277
0022500129
0022500153
0022500026
0022500184
0022500038
0022500206
0022500140
0022500230
0022500244
0022500227
0022500158
0022500146
0022500081
0022500044
0022500102
0022500212
0022500024
0022500030
0022500220
0022500108
0022500274
0022500219
0022500168
0022500290
0022500193
0022500048
0022500187
0022500269
0022500145
0022500117
0022500042
0022500240
0022500190
0022500087
0022500196
0022500217
0022500094
0022500248
0022500243
0022500267
0022500205
0022500032
0022500089
0022500132
0022500281
0022500235
0022500270
0022500233
0022500231
0022500179
0022500107
0022500265
0022500031
0022500198
0022500120
0022500229
0022500119
0022500150
0022500197
0022500174
0022500128
